float accuracy = 0;
const byte RowNo = 120; const byte FeaNo = 100;
byte testindex = 95;
const byte dataset[120][120] PROGMEM = {
{1,140,0,126,0,0,0,0,250,0,0,0,0,251,0,254,0,251,0,0,251,0,0,0,0,0,251,0,0,0,0,0,0,0,0,0,0,0,0,253,251,0,0,0,0,0,0,0,0,0,207,0,199,0,251,0,0,0,0,253,0,0,0,0,0,0,0,253,251,251,0,0,0,0,0,0,0,251,188,0,0,251,251,0,0,0,0,145,0,0,0,0,182,0,0,0,0,0,251,251,0,0,252,0,0,254,0,244,0,0,251,0,0,251,0,0,0,250,0,0},
{0,0,0,0,0,0,0,0,250,0,0,0,0,0,0,149,0,0,0,0,0,0,0,0,0,0,251,0,0,0,0,0,0,0,0,0,230,0,0,0,0,0,0,0,134,253,0,0,0,0,0,0,253,0,0,0,227,0,0,253,0,0,0,0,0,0,0,113,129,251,0,0,0,0,0,0,0,0,256,0,0,0,146,0,0,0,0,253,0,0,0,0,0,186,208,0,0,0,0,0,0,0,0,0,0,0,0,0,0,0,181,0,0,0,0,0,210,0,0,0},
{1,0,0,0,0,0,0,0,0,0,0,0,0,251,0,254,251,250,0,0,0,0,0,0,0,0,251,0,190,0,0,0,0,0,0,0,0,0,0,0,0,0,0,0,0,0,0,0,0,0,0,0,0,0,0,0,250,0,0,0,0,0,0,0,0,0,0,252,0,0,0,0,176,0,0,0,0,0,0,0,0,0,0,0,0,0,158,0,0,0,0,0,0,0,0,0,0,0,0,185,0,0,253,0,0,256,0,0,0,0,0,0,0,0,0,0,0,0,0,0},
{1,0,0,190,0,0,0,0,175,0,244,0,0,251,0,253,209,251,0,0,0,0,0,0,0,0,175,0,196,0,0,0,0,0,0,253,0,0,0,0,0,0,0,0,0,0,0,0,0,0,0,0,0,0,0,0,0,0,0,253,0,0,0,0,0,0,0,0,0,136,123,0,0,0,0,0,0,0,0,0,250,0,0,0,157,0,0,193,0,0,0,0,0,0,0,0,0,0,185,154,0,0,0,0,0,0,0,252,0,0,253,0,0,0,113,0,0,251,0,0},
{1,0,0,0,0,0,0,0,155,0,250,0,0,0,0,249,0,0,0,0,0,0,0,0,123,0,0,0,0,0,0,0,0,0,0,0,0,0,0,253,0,0,0,0,0,0,0,0,0,0,195,0,0,0,204,0,0,0,0,246,0,0,0,0,0,0,0,199,0,0,0,0,0,213,160,0,0,203,0,0,172,0,0,0,0,0,0,0,0,0,0,0,0,0,0,0,0,0,0,0,0,0,0,0,0,253,0,0,0,0,0,0,0,0,0,0,0,0,0,0},
{1,0,0,0,0,0,0,0,0,0,0,0,0,0,0,171,228,0,0,0,0,0,0,0,0,0,0,0,0,0,0,0,0,0,0,0,0,0,0,238,0,0,0,0,0,0,0,256,0,0,0,0,180,0,171,0,191,0,0,250,0,0,0,0,0,0,0,251,0,0,0,0,0,0,0,0,0,118,0,0,0,0,164,0,0,0,132,256,0,0,0,0,0,0,0,0,0,0,0,0,0,0,0,0,0,203,0,0,0,0,0,0,0,0,0,0,0,0,0,0},
{1,0,0,0,0,0,0,0,0,0,0,0,0,0,0,254,250,0,0,0,0,0,0,0,0,0,0,0,0,0,0,0,0,0,0,0,0,0,0,0,251,0,0,235,183,0,0,0,0,0,189,0,0,0,0,0,206,0,0,0,0,0,0,0,0,0,0,0,0,0,0,0,0,242,0,0,0,0,0,0,0,0,0,0,0,0,0,0,0,0,0,0,0,0,0,0,0,0,0,0,0,0,0,0,0,254,0,0,0,0,0,0,0,0,0,0,0,0,253,0},
{1,0,0,253,0,0,0,0,0,0,0,0,0,253,222,254,0,0,0,0,0,216,0,0,0,0,253,0,0,0,0,0,0,0,0,0,0,0,0,213,0,0,0,174,185,184,0,0,0,0,0,0,0,0,228,0,0,0,0,160,0,0,0,0,0,0,0,135,0,0,192,0,0,0,0,0,0,0,251,0,0,252,0,132,0,0,0,0,0,0,0,199,0,0,213,0,0,0,0,0,0,0,0,0,0,0,0,253,0,0,0,0,0,0,0,141,0,0,151,0},
{0,0,0,251,0,0,167,0,0,0,0,0,0,248,0,151,0,0,0,0,0,0,0,141,0,0,251,0,0,0,0,0,0,0,0,0,0,0,0,0,121,0,0,0,251,0,0,0,0,251,0,0,0,0,0,0,156,0,0,253,139,160,0,0,0,113,232,0,251,251,0,0,0,0,0,0,0,0,0,0,0,246,141,0,0,0,0,0,250,0,0,0,0,0,0,0,138,0,0,251,0,0,0,0,0,253,0,251,0,0,0,0,0,0,0,253,251,0,0,0},
{1,0,0,0,0,0,0,0,197,0,251,0,0,0,0,253,195,141,0,0,0,0,0,0,0,0,0,0,0,0,0,0,0,0,0,152,0,0,0,256,0,0,0,64,0,0,0,0,0,0,0,0,0,0,142,0,0,0,0,251,0,0,0,0,0,0,0,0,229,250,171,0,0,0,0,0,0,150,232,0,253,0,0,0,0,0,176,0,0,0,0,0,0,0,0,0,0,0,164,0,0,0,0,0,0,0,226,250,0,0,214,251,0,187,0,180,0,0,0,0},
{0,0,0,0,0,0,0,0,155,0,254,0,0,251,251,253,251,252,0,0,0,128,0,0,0,0,0,0,0,0,0,0,0,0,0,0,0,0,0,0,0,0,0,0,0,181,0,0,0,0,0,0,131,0,0,0,0,0,0,253,0,0,0,0,0,0,0,252,253,236,0,0,0,0,0,0,0,0,0,0,0,0,253,0,237,0,0,253,0,0,0,0,0,251,0,0,0,0,0,0,0,0,251,0,0,253,0,0,0,0,145,0,0,0,0,0,0,0,0,0},
{0,0,0,0,0,0,0,0,209,0,0,0,0,0,0,213,0,0,0,0,0,231,0,0,0,0,187,0,177,0,0,0,0,0,0,0,0,0,0,0,0,0,0,0,108,0,0,252,0,0,253,0,0,0,0,0,250,0,0,219,0,0,0,0,0,0,0,0,0,0,253,0,0,252,0,0,0,0,0,0,0,0,0,0,0,0,0,256,0,0,0,0,0,0,0,0,0,0,0,0,0,0,0,0,0,0,0,0,0,0,154,0,0,0,0,0,0,0,0,0},
{1,0,0,0,0,0,0,0,126,0,0,0,0,0,0,244,0,0,0,0,0,0,0,0,0,0,0,0,0,0,0,0,0,0,0,0,0,0,0,0,0,0,0,0,0,0,250,0,0,0,0,0,0,0,0,0,198,0,0,254,0,0,0,0,0,209,0,253,0,227,0,0,0,243,0,0,0,0,0,0,193,0,0,0,0,0,127,0,0,0,0,0,0,0,0,0,0,0,0,0,0,0,0,0,0,173,0,0,0,0,253,0,0,0,0,0,0,253,253,0},
{1,0,0,0,0,0,0,0,0,0,0,0,0,0,0,226,0,0,0,0,0,172,0,163,0,0,0,0,0,0,0,0,0,0,0,0,0,0,0,256,0,0,0,0,0,0,0,0,0,0,254,0,0,0,256,0,0,0,0,256,0,0,0,0,0,0,0,0,0,0,0,0,191,188,0,0,0,198,0,0,0,0,256,170,0,0,0,0,0,0,0,0,0,0,226,0,0,0,0,0,0,0,0,0,0,0,0,0,0,0,226,0,0,0,0,0,0,201,0,0},
{0,0,0,0,0,0,0,0,0,0,0,0,0,0,0,253,0,0,0,0,0,0,0,0,0,0,251,0,0,0,0,0,0,0,0,0,0,0,0,253,0,0,0,251,0,0,0,0,0,0,0,0,0,0,251,0,246,0,0,253,0,0,0,0,0,0,0,229,0,0,0,0,0,139,0,0,0,0,0,0,0,210,232,0,0,0,0,0,0,0,0,0,0,0,160,0,0,0,0,0,0,0,0,0,0,211,0,0,0,0,251,0,0,0,0,0,0,0,196,0},
{0,0,0,190,0,0,0,0,251,0,0,0,0,0,0,253,0,0,0,0,0,0,0,0,0,0,0,0,0,0,0,0,0,0,0,168,0,0,0,228,146,0,251,0,0,0,0,0,0,0,251,0,170,0,0,0,0,0,0,180,253,0,0,0,0,0,169,251,0,0,0,251,0,251,0,0,0,0,0,0,0,0,251,0,225,0,0,0,0,0,0,0,0,0,159,0,251,0,0,0,0,0,251,0,0,253,0,188,0,0,247,0,0,0,0,0,0,0,218,0},
{0,0,0,0,0,0,0,0,0,0,228,0,0,0,0,227,0,0,0,0,0,0,0,0,0,0,251,0,0,0,0,0,0,0,0,0,0,0,0,0,136,0,222,0,0,202,0,0,0,0,0,0,0,0,0,0,0,0,0,253,0,0,0,0,0,0,0,254,0,209,251,0,130,253,0,0,117,0,0,0,0,0,0,0,0,0,0,239,0,0,0,0,0,172,0,0,0,0,0,0,0,0,0,0,0,253,0,0,0,0,0,0,0,0,185,0,0,0,0,0},
{1,0,0,0,0,0,0,0,115,0,203,0,0,0,0,254,0,0,0,0,0,0,0,0,0,0,0,0,0,0,0,204,0,0,0,0,0,0,0,244,0,0,0,0,0,250,0,0,0,0,0,0,0,0,0,0,0,0,0,254,0,0,0,0,0,0,0,253,0,0,0,0,0,0,0,0,0,244,0,0,0,202,155,0,0,0,0,0,0,0,0,0,0,0,0,0,0,0,166,0,0,0,0,0,0,249,0,0,0,0,253,190,0,0,251,0,0,0,242,0},
{0,0,0,0,0,0,0,0,0,0,254,0,0,224,0,253,0,0,0,0,0,0,0,0,252,0,0,0,0,0,0,0,0,0,0,0,0,0,0,0,0,0,0,0,0,0,0,0,0,0,0,0,0,0,0,0,0,0,0,253,0,0,0,0,0,0,0,252,253,0,0,0,0,0,0,0,0,0,0,0,0,0,250,0,0,0,0,0,0,0,0,0,0,0,0,0,0,0,0,122,0,0,0,0,0,253,0,0,0,0,0,0,0,0,0,0,0,0,0,0},
{0,0,0,253,0,0,0,173,243,0,0,0,0,0,185,254,253,0,0,0,0,0,0,196,0,0,0,0,0,0,0,0,0,0,0,0,0,0,0,224,0,0,102,0,0,0,0,0,0,0,0,0,250,0,0,0,0,0,0,0,254,0,0,0,0,0,0,0,0,0,0,253,0,256,0,0,0,0,0,0,0,0,214,0,158,0,0,0,0,0,0,0,0,0,0,0,253,0,220,0,0,0,0,0,0,0,0,158,0,0,0,0,0,0,250,0,0,0,0,0},
{1,0,0,0,0,0,118,0,0,0,0,0,0,0,0,0,0,0,0,0,0,0,0,252,0,0,0,0,0,0,0,0,0,0,0,0,0,0,0,0,0,0,164,0,0,0,0,0,0,0,253,0,0,0,0,0,0,0,0,251,0,0,0,0,0,0,244,0,250,0,0,0,0,0,0,0,0,0,0,0,0,0,0,0,0,0,0,251,0,0,0,0,0,0,0,0,0,0,0,0,0,0,0,0,0,0,0,0,0,0,0,0,0,0,0,0,0,145,0,0},
{0,0,0,0,0,0,0,0,0,0,148,0,0,202,0,253,0,0,0,0,114,0,0,0,0,0,0,0,0,0,0,0,0,0,0,241,0,0,0,256,0,0,0,0,0,0,0,154,0,0,0,0,0,0,146,0,0,0,0,253,0,0,0,0,0,0,0,251,0,0,0,0,0,0,0,0,0,0,0,0,0,0,251,0,0,0,0,0,0,0,0,0,0,229,0,0,0,0,0,0,0,0,0,0,0,253,0,0,0,0,0,0,0,129,0,0,0,0,0,0},
{1,0,0,0,0,0,0,80,165,0,0,0,0,0,0,0,0,0,0,0,0,117,0,0,0,0,0,0,0,0,0,0,0,0,0,0,0,0,0,0,251,0,0,0,0,250,0,0,0,0,0,0,0,0,0,0,0,0,0,160,0,0,0,0,0,0,0,0,0,0,0,0,0,0,0,0,0,0,0,0,0,0,0,0,0,0,0,0,0,0,0,0,0,0,0,0,0,0,0,0,0,0,0,0,0,0,0,0,0,0,0,0,0,0,0,0,0,0,229,0},
{1,0,0,0,0,0,0,0,0,0,0,0,161,0,0,254,252,0,0,0,253,0,0,0,0,0,251,0,0,0,0,0,0,0,0,0,0,0,0,254,0,0,0,0,232,0,0,0,0,0,210,0,0,0,0,0,0,206,0,0,0,0,0,0,0,0,0,253,0,0,0,0,0,0,0,0,0,253,251,0,252,253,0,0,0,0,0,0,0,0,0,0,0,0,0,0,0,241,0,0,0,0,0,0,0,254,0,166,0,0,253,0,0,0,0,254,0,0,0,0},
{1,151,0,0,0,0,0,0,0,0,0,0,0,0,0,222,0,0,0,0,0,0,0,0,0,252,0,0,0,0,0,0,0,0,0,0,0,225,0,0,0,0,220,0,0,0,0,0,0,0,139,0,0,0,0,0,0,251,0,190,0,0,188,0,0,0,0,0,0,127,0,0,0,0,0,0,0,0,0,0,0,0,0,188,0,0,0,0,0,0,0,0,0,0,0,0,0,0,0,0,0,0,251,0,0,253,0,0,0,0,0,0,0,0,0,253,251,0,0,0},
{0,0,0,0,0,0,0,0,0,0,0,0,0,0,0,252,0,0,156,0,0,195,0,246,0,0,0,0,0,0,0,0,0,0,0,0,0,0,0,252,0,0,196,0,0,0,0,0,0,0,253,0,0,0,250,0,0,0,0,252,0,0,234,0,0,142,126,251,0,0,0,0,0,242,0,0,0,0,251,237,231,180,0,0,0,0,0,0,0,0,0,0,0,0,137,0,0,0,0,0,0,0,115,0,0,253,0,252,0,0,0,251,0,0,0,0,0,0,252,0},
{0,0,0,0,0,0,0,0,0,0,0,0,0,0,170,253,253,0,0,0,0,0,0,0,0,0,0,0,0,0,0,0,0,0,0,191,0,0,0,0,0,0,0,0,0,0,0,0,0,0,251,0,0,0,0,0,241,0,0,0,0,0,0,0,0,0,0,0,0,0,0,124,0,0,0,0,0,0,0,0,202,0,237,0,0,0,0,0,250,0,0,0,0,0,183,0,0,0,0,0,0,0,0,0,0,0,0,0,0,0,0,0,0,0,202,0,0,0,0,0},
{1,0,0,0,0,0,130,0,0,0,0,0,0,0,0,0,185,0,0,0,0,0,0,0,0,0,0,0,0,0,0,0,0,0,0,0,0,0,0,0,0,0,0,0,0,0,0,237,0,0,0,0,0,0,0,0,124,0,0,254,0,0,0,0,0,0,0,0,0,143,0,0,0,0,0,0,0,0,0,0,200,0,0,0,0,0,0,256,0,0,0,0,0,0,206,0,0,0,0,125,0,0,0,0,0,0,0,0,0,0,142,0,0,0,0,205,0,99,242,0},
{1,0,0,0,0,0,0,0,0,0,0,0,0,0,0,253,100,0,0,0,0,0,0,0,0,0,0,0,0,0,0,0,0,0,0,0,0,0,0,153,0,0,0,138,0,183,0,0,0,0,0,0,0,0,213,0,0,0,0,253,0,0,0,0,0,0,0,251,0,152,0,0,0,0,0,0,0,138,145,0,116,0,130,0,0,0,0,0,0,0,0,0,0,195,0,0,0,0,0,0,0,0,0,0,0,253,0,0,0,0,251,0,0,0,0,0,0,122,0,0},
{0,206,0,0,0,0,0,0,178,0,0,0,0,201,0,203,0,0,0,0,0,0,0,0,0,0,232,0,0,0,0,0,0,0,0,251,0,0,0,254,185,0,0,0,0,0,0,0,0,0,0,0,0,0,213,0,0,0,0,0,0,0,0,0,0,0,0,222,0,0,0,0,0,162,0,0,0,232,0,0,250,251,0,0,0,0,223,0,0,0,0,122,0,0,0,0,0,0,0,0,0,0,0,0,0,0,0,0,0,0,0,0,0,0,0,0,0,0,0,0},
{0,0,0,0,0,0,0,0,184,0,0,0,0,0,0,256,0,0,0,0,0,0,0,0,0,0,0,0,0,0,0,0,0,0,0,256,0,0,0,0,124,0,0,0,0,0,0,0,0,0,177,0,0,0,0,0,211,0,0,0,0,0,0,0,0,0,0,0,0,0,0,0,0,0,0,0,0,0,0,0,0,0,141,0,0,0,0,142,234,0,0,0,0,0,0,0,0,0,0,0,0,0,0,0,0,0,0,198,0,0,0,0,0,0,131,0,0,0,250,0},
{1,0,0,0,0,0,0,0,0,0,0,0,0,0,0,184,0,0,0,0,0,0,0,0,243,0,0,0,0,0,0,0,0,0,0,0,0,0,0,0,0,0,0,199,0,0,0,0,0,0,201,0,0,176,0,0,0,0,0,0,0,0,0,0,0,0,0,0,0,0,253,0,106,0,0,0,0,0,170,0,0,0,0,0,0,0,0,0,0,0,0,0,0,0,0,0,0,0,0,0,0,0,0,0,0,249,0,0,0,0,0,0,0,0,0,0,0,0,0,0},
{0,0,0,250,0,0,0,0,0,0,0,0,0,0,0,252,143,0,251,0,0,0,0,0,0,0,0,0,0,0,0,0,0,0,0,251,0,0,0,0,0,0,0,0,0,0,0,0,0,0,0,0,0,0,250,0,0,0,0,0,186,0,0,0,0,0,0,0,0,0,0,0,0,0,0,0,0,116,250,0,192,0,0,0,138,0,0,0,0,0,0,0,0,0,0,0,185,0,233,0,0,0,0,0,0,252,0,0,0,0,0,0,0,0,240,253,0,0,0,0},
{0,0,0,0,0,0,0,0,171,0,0,0,0,165,0,0,239,150,0,0,0,0,0,0,0,0,0,0,0,0,0,0,0,0,0,0,0,0,0,0,0,0,0,0,0,0,0,0,0,0,0,0,0,0,0,0,207,0,0,200,0,0,0,0,0,0,253,0,0,0,0,0,0,0,0,0,0,0,0,0,0,0,0,0,0,0,0,0,176,0,0,0,0,0,0,0,0,0,0,0,0,0,0,0,0,0,0,0,0,0,0,0,0,0,0,0,0,0,0,0},
{1,0,0,0,0,0,0,0,0,0,208,0,0,0,205,256,0,0,0,0,0,0,0,252,0,0,0,0,139,0,0,0,0,0,0,0,0,0,0,131,0,0,0,0,0,0,0,0,0,0,0,0,0,0,0,0,0,0,0,166,0,0,0,0,0,0,0,0,0,0,147,0,0,0,0,0,0,0,0,0,0,0,0,0,0,0,0,0,0,0,0,0,0,191,0,0,0,0,0,0,0,0,0,0,0,0,0,0,0,0,0,0,0,0,0,242,0,251,0,0},
{0,141,0,251,0,0,0,0,253,0,0,0,0,0,167,252,0,0,0,0,0,0,0,0,0,167,250,0,0,0,0,0,0,0,0,238,0,0,0,253,0,0,0,0,0,144,0,0,0,129,135,0,0,0,238,0,0,0,0,252,0,0,0,0,0,0,0,134,0,0,251,0,0,251,0,0,0,0,0,0,0,250,0,0,223,0,0,0,0,0,0,0,0,0,0,0,0,0,0,0,0,0,221,0,0,252,0,251,0,0,0,0,0,241,0,253,128,0,0,0},
{1,0,0,0,0,0,0,0,0,0,0,0,0,0,0,0,253,0,0,0,207,0,0,195,0,0,0,0,0,0,0,0,0,0,0,0,0,0,0,0,0,0,0,0,0,0,0,137,0,0,188,0,0,0,0,0,0,0,0,237,0,0,0,0,0,0,0,0,0,0,0,0,0,0,0,0,0,0,0,0,0,0,0,0,0,160,0,138,154,0,0,0,0,254,0,0,0,0,0,0,0,0,0,0,0,0,128,0,0,0,0,0,0,0,0,0,0,0,0,0},
{1,0,0,210,0,0,0,0,170,0,0,0,0,178,0,253,165,0,0,0,0,0,0,0,0,0,253,0,0,0,0,0,0,0,0,0,0,0,0,0,0,0,0,0,0,0,199,0,0,0,246,0,0,0,251,0,0,0,0,254,0,0,0,0,0,0,0,0,0,0,254,0,193,0,0,0,0,128,131,0,0,0,0,0,0,0,0,0,0,0,0,0,0,0,0,0,0,0,0,0,0,0,0,0,0,0,0,161,0,0,0,0,0,0,0,0,0,0,239,0},
{0,0,0,0,0,0,0,0,0,0,0,0,0,0,0,254,0,0,0,0,0,0,0,0,0,0,183,0,0,0,0,0,0,0,0,0,0,0,0,0,0,0,0,0,194,0,0,0,0,0,252,0,0,0,0,0,209,0,0,254,0,0,0,0,0,138,0,0,0,0,0,0,0,0,0,0,0,0,0,0,256,0,0,0,116,0,0,0,0,0,0,0,0,222,252,0,0,0,0,0,0,0,253,0,0,254,0,0,0,0,0,0,0,0,0,0,0,0,0,0},
{0,0,0,181,0,0,0,0,251,0,0,0,198,251,0,253,202,0,0,0,0,0,0,0,0,0,0,0,0,0,0,0,0,0,0,131,0,0,0,253,0,0,0,0,0,0,0,0,0,0,0,0,0,0,251,0,253,0,0,253,0,0,0,0,0,0,0,193,0,0,198,0,0,0,0,0,0,0,0,0,0,251,242,0,0,0,0,0,0,0,0,0,0,0,0,0,0,0,0,0,0,0,0,0,0,212,0,229,0,0,251,0,0,162,0,0,0,0,0,0},
{0,0,0,251,0,0,0,0,250,0,0,0,0,146,0,252,243,0,0,0,0,0,0,0,0,0,0,0,0,0,0,0,0,0,0,251,0,0,0,169,133,0,0,0,0,0,0,0,0,0,169,0,251,0,250,0,0,0,0,252,0,217,0,0,0,0,233,0,0,0,0,0,0,251,0,0,0,0,252,0,175,0,0,0,0,0,150,0,0,0,0,0,0,0,0,0,0,0,250,0,0,0,0,0,0,128,0,0,0,0,0,0,0,0,0,0,0,0,213,0},
{0,0,0,0,0,0,0,0,0,0,254,0,0,251,0,253,0,0,0,0,240,0,0,182,0,0,0,0,0,0,0,0,0,0,0,0,0,0,0,0,0,0,136,228,0,156,0,0,0,0,139,0,0,0,0,0,0,0,0,252,133,0,0,0,0,0,0,0,227,152,0,181,0,0,0,0,0,0,0,0,0,0,192,0,127,0,0,0,0,0,0,0,0,155,0,0,131,0,0,0,0,0,0,0,0,0,0,0,0,0,0,0,0,0,0,0,0,0,0,0},
{1,0,0,0,0,0,0,0,0,0,0,0,0,0,0,253,0,0,0,0,0,0,0,246,0,0,0,0,206,0,0,0,0,0,0,0,0,0,0,248,0,0,0,0,0,0,0,0,0,0,242,0,0,0,250,0,0,0,0,134,0,0,0,0,0,0,0,0,0,0,0,0,0,0,0,0,0,0,202,0,0,0,162,0,0,0,168,0,71,0,0,0,0,0,0,0,0,0,127,0,0,0,0,0,0,0,0,0,0,0,0,0,0,0,0,0,0,0,0,0},
{1,175,0,0,0,0,0,0,197,0,0,0,0,96,0,256,256,143,0,0,0,0,0,252,0,0,0,0,0,0,0,0,0,0,0,0,0,0,0,0,0,0,0,0,0,0,0,129,0,0,0,0,0,0,256,128,198,0,0,256,0,0,0,0,0,0,0,96,256,256,0,0,0,0,0,0,213,0,142,0,0,0,0,0,0,0,0,0,236,0,0,0,0,0,166,256,0,0,128,96,0,0,0,0,0,128,0,256,0,0,191,0,0,191,0,0,0,213,102,0},
{1,0,0,0,0,0,0,0,0,0,0,0,0,242,0,254,0,250,0,0,0,250,0,250,0,0,82,0,256,0,0,0,0,0,0,206,0,0,0,158,0,0,0,0,0,0,0,0,0,0,0,0,222,0,204,0,0,0,0,254,0,0,0,0,0,0,0,242,170,253,251,0,0,220,0,0,0,0,251,0,176,0,227,0,0,0,0,0,0,0,0,0,0,0,0,0,0,0,145,164,0,0,185,0,0,254,0,253,0,0,242,0,0,228,256,207,0,0,243,0},
{1,0,0,0,0,0,234,0,0,0,0,0,0,0,0,180,0,0,0,0,0,0,0,219,0,0,0,0,0,0,0,0,0,0,0,0,256,0,0,249,0,0,0,0,0,0,0,0,0,0,0,0,0,0,0,0,0,0,0,170,0,0,0,0,0,0,242,0,0,0,0,0,243,176,0,0,0,208,0,0,251,0,147,0,0,0,0,0,0,0,0,0,0,185,0,0,0,0,0,0,0,0,0,0,0,0,0,0,0,0,224,0,0,0,143,0,0,0,256,0},
{0,0,0,0,0,0,0,0,256,0,163,0,0,0,170,253,0,0,0,0,0,0,0,0,141,0,251,0,234,0,0,0,0,0,0,0,0,0,0,160,0,0,0,0,251,0,0,0,0,251,0,0,0,0,0,0,0,251,0,253,249,0,0,0,0,0,0,251,251,251,0,233,0,251,0,0,0,0,104,0,0,251,251,0,0,0,0,241,0,159,0,0,0,177,0,0,229,0,0,251,0,0,206,0,0,251,0,0,0,0,251,210,0,0,0,0,251,0,0,0},
{0,244,0,0,0,0,0,0,194,0,250,0,0,143,0,254,0,0,0,0,0,0,0,0,0,0,0,0,0,0,0,0,0,0,0,0,0,0,0,0,0,0,249,0,0,0,0,0,0,0,155,0,0,0,0,0,0,0,0,254,0,0,0,0,0,0,251,0,0,192,0,0,0,0,0,0,182,0,0,0,167,0,0,0,0,0,0,0,0,0,0,0,0,204,0,0,0,0,0,0,0,0,0,0,0,169,0,0,0,0,0,0,0,0,253,0,0,0,0,0},
{0,0,0,0,0,0,0,0,0,0,250,0,0,0,0,0,149,0,0,0,0,0,0,110,0,0,0,0,0,0,0,0,0,0,0,0,0,0,0,0,0,0,0,0,0,238,0,0,0,0,0,0,0,0,0,0,0,0,0,135,0,130,0,0,0,185,0,172,0,0,0,0,0,251,0,0,0,0,0,0,234,0,0,0,0,0,0,0,0,0,0,0,0,0,0,0,0,0,0,0,0,0,0,0,0,0,0,0,0,0,0,0,0,0,0,0,0,0,144,0},
{0,0,0,247,0,0,0,0,0,0,0,0,0,0,0,254,0,0,0,0,0,0,0,0,0,0,0,0,0,0,0,0,0,0,0,144,0,0,0,254,0,0,0,0,0,0,0,0,0,0,0,0,0,0,76,0,0,0,0,254,0,0,0,0,0,0,251,253,0,0,0,0,0,0,0,0,0,214,0,0,170,0,253,0,131,0,0,0,211,0,0,0,0,182,0,0,0,0,0,0,0,0,219,0,0,254,0,0,0,0,243,0,0,110,252,0,0,107,0,0},
{0,0,0,0,0,0,0,0,253,0,0,113,0,0,0,0,0,0,0,0,0,155,0,130,0,0,253,0,0,0,0,0,0,0,0,0,0,0,0,129,0,0,0,0,0,0,0,156,0,0,200,0,0,0,0,0,0,0,0,0,0,0,0,0,0,0,0,220,0,217,0,0,0,252,0,0,0,0,205,0,0,0,0,0,0,0,253,155,151,0,0,0,0,0,0,0,0,0,0,0,0,0,195,0,0,209,0,0,0,0,220,0,0,0,0,0,0,0,214,0},
{1,0,0,0,0,0,0,0,128,0,0,0,0,0,0,0,201,0,0,0,0,0,0,256,0,171,0,0,0,0,0,0,0,0,0,0,0,0,0,0,252,0,251,0,0,110,0,0,0,0,0,0,0,0,0,0,0,0,0,254,0,0,0,0,0,0,129,0,0,0,145,0,0,0,0,0,0,0,137,0,256,130,0,0,0,0,253,0,0,0,0,0,0,0,0,0,0,0,0,0,0,0,0,0,0,183,0,0,0,0,0,0,0,0,0,254,0,0,0,0},
{1,0,0,0,0,0,0,206,0,0,0,0,0,0,0,253,254,0,0,0,0,0,0,253,0,0,0,0,0,0,0,0,0,0,0,0,0,0,0,0,128,0,0,0,0,0,0,0,0,0,0,0,0,0,0,0,209,0,0,252,0,0,0,0,0,0,0,177,0,0,0,0,0,0,0,0,0,0,0,0,0,0,250,0,0,0,0,256,0,0,0,243,0,0,0,0,0,0,198,0,0,0,0,0,0,141,164,0,0,0,171,0,0,0,0,168,0,0,0,0},
{0,0,0,0,0,0,0,0,0,0,0,0,0,128,0,256,0,0,0,0,0,0,0,0,0,0,256,0,0,0,0,0,0,0,0,0,0,0,0,0,0,0,0,0,256,0,0,0,0,256,179,0,199,0,0,0,0,0,0,256,0,0,0,0,0,0,0,128,0,0,0,0,227,0,0,0,0,0,0,0,253,0,0,0,256,0,0,0,0,0,0,0,0,0,0,0,0,0,0,0,0,0,256,0,0,256,0,0,0,0,128,0,0,0,0,0,0,0,149,0},
{0,0,0,0,0,0,0,0,177,0,0,0,0,252,231,0,0,0,0,0,0,0,0,0,0,0,0,0,0,0,0,0,0,0,0,0,0,0,0,0,0,0,0,0,0,208,0,151,0,153,0,0,0,0,0,0,0,0,0,253,0,0,0,0,0,0,0,134,251,249,0,0,0,0,0,0,0,0,0,0,0,253,203,0,140,0,0,0,0,0,0,0,0,0,0,0,0,0,0,137,0,0,251,0,0,253,0,0,0,0,134,0,0,0,253,0,0,0,253,0},
{0,0,0,228,0,0,0,226,0,0,0,128,0,0,0,212,0,0,0,0,0,0,0,0,0,0,0,0,0,0,0,0,0,0,0,0,0,0,0,253,0,0,0,0,0,0,0,0,0,0,0,0,0,0,127,0,0,0,0,0,0,0,0,0,0,0,0,0,0,0,0,0,0,0,0,0,0,0,0,0,0,0,0,0,163,0,0,0,0,0,0,132,0,0,0,0,0,0,0,0,0,0,0,0,0,0,0,0,0,0,231,0,0,145,0,219,0,0,0,0},
{1,0,0,0,0,0,0,0,0,0,0,0,0,0,175,252,0,0,0,0,251,0,0,0,0,0,0,0,0,0,0,0,0,0,0,0,0,0,0,252,0,0,251,0,0,0,0,0,0,0,195,0,0,0,251,0,0,0,0,252,0,0,0,0,0,0,0,251,251,251,0,0,0,210,0,0,0,139,0,0,0,0,252,0,0,0,0,0,128,0,0,0,0,0,0,0,0,0,0,0,0,0,0,0,0,252,0,251,0,0,251,0,0,243,165,0,0,0,0,0},
{1,0,0,0,0,0,0,0,0,0,0,0,0,0,0,167,0,0,0,0,0,0,0,0,0,0,0,0,0,0,0,0,0,0,251,0,0,0,0,253,195,0,251,0,0,0,0,0,0,0,0,0,0,0,251,0,0,0,0,165,0,0,0,0,0,0,0,0,0,0,0,0,175,0,0,0,0,251,187,0,0,0,217,0,0,0,0,158,0,0,0,0,0,0,0,0,0,0,0,0,0,0,0,0,0,0,136,237,0,0,218,0,0,0,0,253,0,0,0,0},
{0,251,0,0,0,0,0,0,204,0,0,236,0,239,133,252,0,213,0,0,165,0,0,251,0,0,0,0,0,0,0,0,0,0,0,174,0,0,0,216,0,0,0,0,0,0,0,0,0,0,0,0,114,0,0,0,0,0,0,252,0,0,0,0,0,0,0,251,143,171,0,166,0,0,0,0,0,0,0,0,0,0,141,0,0,0,0,0,0,0,0,0,0,0,0,0,0,0,136,0,0,0,0,0,0,252,0,0,0,0,0,0,0,0,0,0,0,0,0,0},
{1,0,0,0,0,0,0,0,0,0,250,0,0,253,0,196,120,0,0,0,0,0,0,0,0,0,253,0,0,0,0,0,0,0,0,0,0,0,0,0,106,0,0,107,166,0,0,0,0,0,0,0,0,0,253,0,0,0,0,254,0,0,0,0,0,0,0,253,0,122,0,0,0,0,0,0,0,0,0,0,0,0,0,0,0,0,0,0,0,0,0,0,0,251,0,0,0,0,0,0,0,0,0,0,0,254,0,0,0,0,191,0,0,0,0,0,0,206,0,0},
{1,0,0,0,0,0,0,0,0,0,0,0,0,0,0,254,0,0,0,0,0,0,0,0,0,0,0,0,0,0,0,0,0,0,0,0,0,0,0,253,0,0,0,173,0,0,0,0,0,0,0,0,0,0,232,0,0,0,0,0,233,0,0,0,0,175,0,231,0,0,0,0,0,0,0,0,0,212,0,0,0,0,251,0,0,0,0,0,0,0,0,0,0,219,250,0,0,0,0,0,0,0,0,0,0,152,0,231,0,0,0,0,0,0,0,0,0,0,207,0},
{1,0,0,0,0,0,0,0,247,0,0,0,0,253,0,252,248,0,0,0,0,0,0,238,0,0,253,0,0,0,0,0,0,0,0,0,0,0,0,254,0,0,142,0,197,0,0,0,0,0,0,0,0,0,0,0,0,0,0,254,0,0,0,0,0,0,219,253,0,0,0,0,0,0,0,0,0,0,0,253,0,151,0,0,0,0,0,0,0,0,0,0,0,0,0,0,0,0,0,0,0,0,0,0,0,256,0,0,0,0,253,0,0,0,0,0,0,0,253,0},
{1,0,0,0,0,0,0,0,0,0,0,0,0,0,244,254,251,0,0,0,0,0,0,0,0,0,176,0,0,0,0,0,0,0,0,0,0,0,0,134,0,0,226,0,0,0,0,0,0,0,181,0,0,0,251,0,0,0,0,0,0,0,0,0,0,0,0,253,0,0,159,0,0,128,0,0,0,0,0,0,0,0,0,0,0,0,239,253,0,0,0,0,0,0,0,0,0,0,0,0,0,0,0,0,0,254,0,0,0,0,0,0,0,0,0,0,0,0,0,0},
{1,0,0,0,0,0,0,0,0,0,0,0,0,0,0,168,0,0,0,0,0,0,0,0,0,0,186,0,0,0,0,0,0,0,0,0,0,0,0,253,0,0,0,0,0,0,0,0,0,0,0,0,0,0,250,0,0,0,0,242,0,0,0,0,0,0,0,149,0,0,0,0,213,223,0,0,0,0,0,0,0,227,139,0,0,0,0,0,251,0,0,0,0,0,0,0,0,0,0,0,0,0,0,0,0,253,0,0,0,0,150,0,0,0,253,0,0,0,0,0},
{0,0,0,135,0,0,0,0,0,0,0,0,0,187,122,233,0,0,0,0,246,0,0,0,0,0,0,0,0,0,0,0,0,0,0,0,0,0,0,0,0,0,0,0,0,0,0,0,0,0,0,0,0,0,0,0,0,0,0,0,0,0,0,0,0,0,256,0,0,0,0,0,0,0,0,0,0,0,0,0,164,0,0,0,0,183,0,0,0,0,0,0,0,130,252,0,0,0,0,0,0,0,0,0,0,146,0,0,0,0,0,0,0,0,250,0,0,0,0,0},
{0,155,0,0,0,0,0,0,0,0,0,0,0,250,0,252,0,117,0,0,0,0,0,0,0,0,0,0,199,0,0,0,0,0,0,0,0,0,0,0,0,0,0,0,0,0,0,0,0,0,0,0,249,0,0,0,0,0,0,252,0,0,0,0,0,0,0,203,0,0,0,0,0,0,0,0,0,0,0,0,0,0,0,0,0,0,0,251,0,0,0,0,0,0,0,0,0,0,0,0,0,0,0,0,0,176,0,0,0,0,251,0,0,0,170,0,0,0,0,0},
{0,0,0,0,0,0,0,0,253,0,0,0,0,0,0,145,0,0,0,0,0,0,0,0,0,0,250,0,0,0,0,0,0,0,0,0,0,0,0,191,0,0,252,0,0,0,0,0,0,129,254,0,0,0,0,0,0,0,0,252,0,0,0,0,0,0,128,251,0,251,0,0,0,0,0,0,0,0,0,0,251,0,140,0,139,0,0,0,0,0,0,0,0,240,0,0,0,0,0,0,0,0,250,0,0,252,0,0,0,0,0,0,0,0,149,0,0,0,196,0},
{0,0,0,0,0,0,0,0,0,0,0,0,0,0,0,0,250,0,0,0,0,202,0,152,128,0,241,0,0,0,0,0,0,0,0,0,0,0,0,0,0,0,0,0,142,0,0,144,0,0,0,0,0,0,0,0,0,0,0,0,0,0,0,0,0,0,0,104,0,0,0,0,0,0,0,0,0,0,0,0,0,0,0,0,0,0,0,251,0,0,0,0,0,0,0,0,0,0,0,0,0,0,195,0,0,219,0,0,0,0,0,0,0,0,0,0,0,0,0,0},
{1,0,0,0,0,0,0,0,220,0,0,0,0,250,0,197,231,0,0,0,0,0,0,250,0,0,250,0,0,0,0,0,0,0,0,0,0,0,0,0,0,0,0,0,0,0,0,0,0,0,0,0,0,0,0,0,0,0,0,252,0,0,0,0,0,0,146,250,0,0,0,0,0,251,0,0,0,0,251,0,0,0,250,0,0,0,167,251,0,0,0,0,0,243,0,0,0,0,176,0,0,0,0,0,0,253,0,0,0,0,0,0,0,0,0,0,0,0,0,0},
{1,140,0,0,0,0,0,0,253,0,135,0,0,0,251,253,224,0,0,0,0,0,0,239,0,0,0,0,0,0,0,0,0,0,0,0,0,0,0,225,185,0,0,0,0,0,0,0,0,0,0,0,95,0,251,0,0,0,0,149,0,0,0,0,0,0,0,251,186,229,0,0,0,0,0,0,0,224,204,0,238,0,251,0,0,0,0,0,0,0,0,0,0,109,0,229,0,0,0,0,0,0,0,0,0,253,0,213,0,0,251,0,0,0,0,0,0,123,0,0},
{1,0,0,224,0,0,0,0,250,0,0,0,0,167,251,254,0,159,0,0,0,0,0,0,0,0,253,0,0,0,0,0,0,0,0,0,0,0,0,0,0,0,0,0,0,0,0,0,0,0,0,0,0,0,0,0,0,0,0,167,0,0,0,0,0,0,150,253,0,0,180,0,0,0,0,0,0,0,0,0,0,0,0,0,0,0,0,251,0,0,0,0,0,0,0,0,0,0,0,0,0,0,0,0,0,240,0,201,0,0,0,0,0,0,0,0,0,0,0,0},
{1,0,0,0,0,0,0,0,217,0,0,0,0,125,0,252,189,0,0,0,0,0,0,0,0,0,0,0,0,0,0,0,0,0,0,0,0,0,0,0,0,0,148,0,0,0,0,0,0,0,0,0,140,0,0,0,147,0,0,254,0,0,0,0,0,0,0,0,0,0,0,0,0,0,0,0,0,185,0,0,0,0,0,0,0,0,0,0,0,0,0,0,0,0,0,0,0,0,163,0,0,0,0,0,0,254,0,0,0,0,0,0,0,0,0,0,0,0,153,0},
{0,0,0,0,0,0,0,0,0,0,0,0,0,0,0,173,229,0,0,0,0,0,0,0,0,0,251,0,0,0,0,0,0,0,0,0,0,0,0,0,229,0,0,141,253,0,0,0,0,0,146,0,0,0,251,0,241,0,0,173,0,0,0,0,0,0,0,0,0,0,128,0,0,200,0,0,0,0,0,0,0,0,0,0,0,0,0,222,0,0,0,93,0,0,0,0,0,0,0,0,0,0,0,0,0,0,0,0,0,0,0,0,0,0,253,0,0,98,0,0},
{1,0,0,0,0,0,0,0,178,0,0,0,0,127,252,253,0,0,0,0,235,0,0,0,0,0,230,0,152,0,0,0,0,0,0,0,0,0,0,252,0,0,0,0,0,0,0,0,0,0,0,0,0,0,178,0,0,0,0,252,0,0,0,0,0,0,0,252,0,243,0,0,0,192,0,0,0,236,251,0,0,250,0,0,0,0,0,0,0,0,0,0,0,0,0,0,0,0,0,0,0,0,0,0,0,253,0,250,0,0,250,0,0,0,0,158,0,0,135,0},
{1,0,0,0,0,0,0,0,0,0,0,0,0,0,252,155,253,0,0,0,186,0,0,253,0,253,0,0,0,0,0,0,0,0,0,0,0,0,0,0,0,0,143,0,0,0,0,0,0,0,0,0,0,0,0,0,251,0,0,0,0,0,0,0,0,0,0,0,0,0,0,0,0,206,0,0,0,145,0,0,0,0,0,0,0,0,0,0,0,0,0,0,0,0,0,0,0,0,0,0,0,0,0,0,0,253,0,0,0,0,0,0,0,0,0,253,0,0,253,0},
{0,0,0,0,0,0,0,0,250,0,171,0,0,170,0,252,251,175,0,0,0,0,0,0,0,0,0,0,0,0,0,0,0,0,0,0,0,0,0,0,0,0,0,0,0,193,0,196,0,0,0,0,253,0,0,0,0,0,0,252,0,0,0,0,0,0,0,251,253,104,0,0,0,0,0,0,0,0,0,0,0,0,251,0,160,0,0,145,0,0,0,0,0,0,0,0,0,0,0,0,0,0,246,0,0,252,0,0,0,0,0,0,0,0,0,0,0,0,0,0},
{0,0,0,0,0,0,0,0,0,0,0,0,0,231,73,0,169,194,0,0,0,0,0,0,0,0,0,0,0,0,0,0,0,0,0,0,0,0,0,0,251,0,0,0,0,0,0,0,0,0,0,0,0,0,0,0,0,0,0,254,0,0,0,0,0,0,0,218,248,232,0,152,0,0,0,0,0,0,149,0,0,139,231,0,171,231,0,251,166,0,0,0,0,0,0,0,0,0,0,0,0,0,232,0,0,254,0,0,0,0,208,0,0,0,0,0,0,0,0,0},
{0,0,0,0,0,0,0,0,253,0,0,0,0,0,0,195,0,0,0,0,202,0,0,251,0,0,248,0,82,0,0,0,0,0,0,0,0,0,0,0,0,0,0,0,0,216,0,0,0,252,0,0,0,0,0,0,0,0,0,253,0,0,0,0,0,0,0,222,253,247,0,0,0,256,0,0,0,0,0,0,0,0,252,0,0,123,0,0,196,0,0,0,0,0,0,0,0,0,0,0,0,0,240,0,0,228,0,0,0,0,222,0,0,0,0,0,0,0,0,0},
{1,135,0,0,0,0,0,0,0,0,0,0,0,0,0,253,0,0,0,0,0,0,0,227,251,0,0,0,0,0,0,0,0,0,0,0,0,0,0,247,0,0,0,0,0,0,0,0,0,0,0,0,114,0,251,0,0,0,0,253,0,0,0,0,0,0,0,174,0,0,0,0,0,238,0,0,0,0,0,192,207,251,0,0,0,0,0,136,0,0,0,0,0,0,0,0,0,0,197,0,0,0,0,0,0,155,0,230,0,0,251,0,0,0,0,0,0,0,0,0},
{0,0,0,237,0,0,0,0,242,0,0,0,0,0,0,253,205,0,0,0,0,252,0,251,0,0,153,0,0,0,0,0,0,0,0,135,0,0,0,253,0,0,218,0,0,251,0,250,0,205,214,0,0,0,251,0,0,0,0,253,0,212,0,0,0,253,0,252,0,251,0,230,0,252,0,0,0,251,0,0,0,206,149,0,242,0,0,0,0,0,0,0,0,0,0,0,0,0,174,0,0,0,251,0,0,253,0,0,0,0,0,251,0,251,0,0,0,221,0,0},
{0,0,0,0,0,0,0,0,0,0,0,0,0,0,0,0,0,0,0,0,0,0,0,0,0,0,256,0,0,0,0,0,0,0,0,191,0,0,0,256,170,0,0,0,256,0,0,0,0,191,246,0,0,0,256,0,0,0,0,0,256,256,0,0,0,0,0,0,0,128,0,256,0,0,0,0,0,0,123,0,230,96,0,0,191,0,0,0,0,256,0,0,0,0,147,0,256,0,0,191,0,0,0,0,0,0,0,0,0,0,0,0,0,256,253,0,0,0,0,0},
{1,0,0,0,0,0,0,0,0,0,163,0,0,0,0,254,253,0,0,0,253,0,0,0,0,0,0,0,211,0,0,0,0,0,0,146,0,0,0,152,251,0,175,0,0,0,0,0,0,0,188,0,0,0,98,0,214,0,0,254,0,0,0,0,0,0,0,0,200,235,0,0,0,0,0,0,0,0,251,0,0,154,0,0,0,0,0,0,0,0,0,0,0,0,0,0,0,0,0,0,0,0,0,0,0,0,181,0,0,0,0,0,0,146,212,0,0,236,0,0},
{1,0,0,0,0,0,0,0,193,0,0,0,0,172,0,0,0,85,0,0,0,0,0,0,0,0,137,0,0,0,0,0,0,0,0,0,0,0,0,0,0,0,0,0,0,0,253,0,0,0,234,0,0,0,0,0,0,0,0,246,0,0,0,0,0,0,0,253,0,0,0,0,0,251,0,0,0,0,0,0,0,0,0,0,0,0,0,0,0,0,0,251,0,0,0,0,0,0,0,0,0,0,0,0,0,254,0,0,0,0,253,0,0,0,0,0,0,0,0,0},
{1,0,0,0,0,0,0,0,231,0,0,0,0,0,195,147,0,0,0,0,0,201,0,0,0,0,0,0,0,0,0,0,0,0,0,0,0,0,0,0,0,0,0,0,0,0,0,0,0,0,0,0,0,0,0,0,0,0,0,216,0,0,0,0,0,0,0,183,0,139,0,0,0,251,0,0,0,0,0,0,0,0,0,0,0,0,0,0,0,0,0,0,0,0,132,0,0,0,0,0,0,0,0,0,0,173,0,0,0,0,253,0,0,0,253,0,0,0,0,0},
{1,0,0,0,0,0,0,0,242,0,0,0,0,0,0,256,229,0,0,0,0,0,0,0,0,0,0,0,0,0,0,0,0,0,0,0,0,0,0,0,200,0,0,0,0,0,0,0,0,0,0,0,0,0,0,0,0,0,0,159,0,0,0,0,0,0,0,0,203,0,0,0,0,202,0,0,0,0,0,0,0,0,249,0,0,0,0,93,0,0,0,0,0,131,0,0,0,0,0,0,0,0,0,0,0,0,0,0,0,0,0,0,0,0,0,0,0,244,250,0},
{0,251,0,127,0,0,0,0,0,0,0,0,0,167,0,253,0,0,0,0,0,0,0,0,0,0,0,0,0,0,0,0,0,0,0,175,0,0,0,241,0,0,0,0,0,0,0,0,0,232,232,0,0,0,0,0,0,0,0,253,0,0,0,0,0,0,0,251,164,251,0,0,0,0,253,0,0,150,0,0,0,0,251,0,252,0,0,0,221,0,0,0,0,136,208,0,0,0,0,0,0,0,251,0,0,253,0,127,0,0,251,0,0,0,0,0,0,0,0,0},
{1,253,0,188,0,0,0,0,250,0,0,0,0,167,0,253,0,249,0,0,0,0,0,0,0,0,111,0,0,0,0,0,0,0,0,251,0,0,0,0,0,0,0,0,0,166,0,0,0,0,0,0,0,0,0,0,144,0,0,253,0,0,0,0,0,0,0,0,0,224,0,0,0,0,0,0,0,0,0,0,0,0,224,0,0,0,140,0,130,0,0,0,0,0,0,0,0,0,251,0,0,0,0,0,0,0,0,251,0,0,224,0,0,0,108,156,0,0,0,0},
{1,0,0,0,0,0,0,0,236,0,0,0,0,0,224,254,0,0,0,0,0,0,0,0,0,0,0,0,0,0,0,0,0,0,0,0,0,0,0,224,168,0,228,0,0,0,0,0,0,0,253,0,0,0,0,0,0,0,0,254,0,0,0,0,0,0,0,0,0,0,0,0,0,0,0,0,0,223,0,0,225,0,128,0,0,0,0,147,0,0,0,0,0,0,0,0,0,0,0,0,0,0,0,0,0,0,0,0,0,0,229,0,0,0,0,0,0,0,0,0},
{0,0,0,216,0,0,0,0,0,0,0,0,0,0,0,252,0,0,214,0,0,250,0,205,142,252,0,0,0,0,0,0,0,0,0,208,0,0,0,0,0,0,0,0,0,0,0,0,0,0,0,0,0,0,90,0,0,0,0,242,0,0,194,0,0,0,0,220,0,0,0,0,0,231,0,0,0,0,251,0,0,0,251,0,0,0,0,0,176,0,0,0,0,0,0,0,0,0,0,0,0,0,0,0,0,220,0,0,0,0,251,0,0,0,0,252,0,0,251,0},
{0,0,0,0,0,0,0,0,141,0,0,0,0,0,0,252,0,0,0,0,0,0,0,0,0,253,234,0,188,0,0,0,0,0,0,205,0,0,0,0,0,0,0,0,252,0,0,0,0,251,0,0,0,0,0,0,236,0,0,252,0,0,0,0,0,0,0,0,0,0,0,0,0,0,0,0,0,0,0,0,0,0,0,0,155,0,0,0,0,0,0,0,0,154,251,0,0,0,0,0,0,0,0,0,0,252,0,251,0,0,0,0,0,0,0,0,0,0,119,0},
{0,218,0,159,0,0,0,0,0,0,0,0,0,250,0,252,0,251,0,0,149,0,0,243,0,0,0,0,256,0,0,0,0,0,0,242,0,0,0,0,253,0,0,0,0,0,0,0,0,0,176,0,0,0,0,0,242,0,0,252,0,0,0,0,0,0,0,251,248,251,226,0,0,147,0,0,0,0,248,0,0,145,252,0,167,0,0,0,0,0,0,0,0,0,198,0,0,0,0,0,0,0,234,0,0,252,0,159,0,0,0,0,0,0,0,0,0,0,196,0},
{1,0,0,0,0,0,0,0,243,0,0,0,0,0,0,0,0,0,0,0,0,0,0,230,0,0,0,0,0,0,0,0,0,0,0,0,0,0,0,254,0,0,0,0,0,0,0,0,0,0,0,0,0,0,199,0,0,0,0,0,246,0,0,0,0,0,0,207,0,0,0,0,0,0,0,0,0,234,0,0,0,0,0,181,0,0,0,0,195,0,0,0,0,0,0,0,0,0,0,0,0,0,0,0,0,207,0,171,0,0,0,0,0,0,142,249,0,0,0,0},
{1,0,0,0,0,0,0,0,0,0,0,0,0,191,0,256,127,64,0,0,0,0,0,0,0,0,256,0,253,0,0,0,0,0,0,0,0,0,0,128,0,0,0,0,0,160,0,0,0,0,0,0,240,0,143,0,237,0,0,256,0,0,0,0,0,0,0,256,0,256,0,0,0,201,0,0,0,128,0,0,0,0,256,0,0,0,0,0,0,0,0,0,0,0,0,0,0,0,0,0,0,0,0,0,0,128,0,191,0,0,256,0,0,96,0,0,0,0,250,0},
{1,0,0,0,0,0,0,0,233,0,182,0,0,0,132,253,0,0,0,0,0,0,0,104,0,0,0,0,0,0,0,0,0,0,0,0,0,0,0,253,0,0,0,0,0,0,0,0,0,0,0,0,251,0,0,0,0,0,0,252,0,0,0,0,0,0,0,211,0,0,0,0,0,0,0,0,0,250,0,0,192,246,0,0,0,0,0,0,0,0,0,0,0,0,0,0,0,0,153,0,0,0,0,0,0,253,0,160,0,0,0,0,0,0,0,0,0,0,0,0},
{1,0,0,0,0,0,0,0,156,0,0,0,0,0,0,253,0,0,0,0,0,0,0,0,0,0,0,0,0,0,0,0,0,0,0,0,0,0,0,0,233,0,0,0,0,104,0,0,0,0,251,0,0,0,92,0,0,0,0,252,0,0,0,0,0,0,0,252,223,215,0,0,0,253,0,0,0,0,0,0,0,0,168,0,0,0,0,0,0,0,0,0,0,0,0,0,0,0,93,0,0,0,0,0,0,253,0,0,0,0,0,0,0,80,107,0,0,250,0,0},
{0,0,0,128,0,0,0,0,129,0,149,0,0,0,0,256,0,0,0,0,0,0,0,214,0,0,0,0,0,0,0,0,0,0,0,0,0,0,0,191,0,0,0,0,191,0,0,0,0,96,180,0,0,0,256,0,218,0,0,256,0,0,0,0,0,0,0,0,128,0,250,0,0,0,0,0,0,0,0,0,0,0,0,0,96,0,0,0,0,143,0,0,0,0,250,0,0,0,0,0,0,0,0,0,0,0,0,128,0,0,128,0,0,128,0,0,0,0,175,0},
{0,0,0,0,0,0,0,0,0,0,218,0,0,0,0,254,256,0,0,0,0,0,0,238,0,0,253,0,0,0,0,0,0,0,0,155,215,0,0,243,0,0,0,0,246,138,0,0,0,192,0,0,0,0,253,0,0,0,0,254,0,218,0,0,0,0,0,0,0,0,0,0,0,252,0,0,0,0,0,0,198,234,0,0,0,0,0,251,0,0,0,0,0,0,0,0,0,0,0,0,0,0,0,0,0,0,0,0,0,0,0,0,0,0,0,0,0,0,0,0},
{1,0,0,0,0,0,0,0,0,0,0,0,0,0,0,253,0,0,0,0,0,0,0,0,0,0,0,0,0,0,0,0,0,0,0,0,0,0,0,0,0,0,0,196,0,0,0,0,0,0,0,0,0,0,0,0,0,0,0,0,142,0,0,0,0,0,0,0,192,0,0,0,0,230,0,0,0,0,0,0,0,0,0,0,0,0,216,0,251,0,0,0,0,0,0,0,0,0,130,0,0,0,0,0,0,0,0,145,0,0,0,0,0,0,0,0,0,0,0,0},
{1,0,0,0,0,0,0,0,0,0,87,0,0,0,193,253,0,0,0,0,0,0,0,144,0,0,0,0,0,0,0,0,0,0,0,0,0,0,0,252,0,0,0,0,0,0,0,0,0,0,0,0,0,0,250,0,249,0,0,253,0,0,0,0,0,0,0,158,172,229,0,0,0,0,0,0,0,0,0,0,0,0,0,0,0,0,0,0,0,0,0,0,0,208,0,0,0,0,0,0,0,0,0,0,0,253,0,250,0,0,0,0,0,0,0,0,0,0,0,0},
{0,0,0,0,0,0,0,0,0,0,0,0,0,0,0,252,153,0,0,0,0,0,0,250,0,0,191,0,0,0,0,0,0,0,0,230,0,0,0,0,0,0,0,0,0,0,251,217,0,0,0,0,210,0,250,0,127,0,0,252,0,0,0,0,0,0,206,0,0,0,0,0,0,0,0,0,0,0,0,0,251,173,0,0,0,0,0,0,0,0,0,0,0,0,0,0,0,0,0,0,0,0,0,0,0,0,0,0,0,0,0,0,0,0,0,0,0,0,0,0},
{0,0,0,250,0,0,0,0,0,0,117,0,0,225,0,252,237,0,0,0,0,0,0,0,0,0,0,0,0,0,0,0,0,0,0,0,253,0,0,148,0,0,209,0,0,0,0,95,0,0,0,0,0,0,0,0,0,0,0,252,0,0,0,0,0,0,0,251,0,165,0,0,0,251,0,0,0,0,123,0,0,210,224,0,0,0,0,0,158,0,0,0,0,0,0,0,0,0,158,0,0,0,234,0,0,252,0,175,0,0,250,0,0,0,0,0,0,116,0,0},
{1,0,0,0,0,0,0,0,0,0,0,0,100,0,256,0,202,0,0,0,0,0,0,0,0,0,0,0,0,0,0,0,0,0,0,0,0,0,0,0,0,0,0,0,0,0,0,0,0,0,0,0,182,0,0,0,251,0,0,254,0,0,0,0,0,0,0,237,0,253,0,0,0,251,0,0,0,0,72,0,0,0,0,0,0,0,197,0,0,0,0,0,0,0,0,0,0,0,0,0,0,0,0,0,0,173,0,0,0,0,240,0,0,0,0,0,0,0,248,0},
{0,117,0,210,0,0,0,0,94,0,0,0,0,0,96,253,226,0,251,0,0,0,0,0,0,254,0,0,0,0,0,0,0,0,0,233,0,0,0,0,0,0,0,0,0,0,0,0,0,123,0,0,0,0,204,0,0,0,0,0,0,0,253,0,0,0,0,229,0,0,0,0,0,0,0,0,0,0,122,0,0,0,251,0,128,0,0,0,0,0,0,0,0,191,251,0,0,0,0,0,0,0,129,0,0,151,0,0,0,0,234,0,0,0,0,253,0,0,190,0},
{1,173,0,0,0,0,0,0,132,0,247,0,0,0,226,254,0,0,0,0,0,0,0,0,0,0,0,0,0,0,0,0,0,0,0,0,0,0,0,0,0,0,0,0,0,0,0,0,0,0,156,0,0,0,0,0,0,0,0,238,0,0,0,0,0,0,0,226,0,0,0,0,0,0,0,0,0,0,206,0,0,0,0,0,0,0,0,0,0,0,0,0,0,0,0,0,0,0,0,0,0,0,0,0,0,254,0,0,0,0,0,0,0,0,0,0,0,252,0,0},
{0,0,0,144,0,0,0,0,113,0,0,0,0,0,151,193,0,0,243,0,0,0,0,223,0,0,0,0,0,0,0,0,0,184,0,0,0,0,0,0,0,0,209,252,0,0,0,0,0,0,221,0,0,192,244,0,0,0,0,0,0,0,252,0,0,0,0,155,0,0,0,0,253,253,0,0,0,205,0,0,0,0,0,0,212,0,0,0,0,0,0,0,0,0,164,0,0,0,0,0,0,0,111,0,0,0,0,0,0,0,226,0,0,0,0,253,0,0,0,0},
{0,0,0,0,0,0,0,0,0,0,0,0,0,0,0,225,251,0,0,0,0,0,0,0,0,0,143,0,0,0,0,0,0,0,0,0,0,0,0,209,119,0,0,0,0,0,0,0,0,83,0,0,0,0,0,0,203,0,0,0,0,0,0,0,0,0,141,0,0,0,0,0,0,0,0,0,0,0,203,0,0,0,0,0,68,0,0,256,0,0,0,0,0,0,0,0,0,0,0,0,0,0,0,0,0,0,0,0,0,0,0,0,0,0,0,0,0,0,0,0},
{1,0,0,0,0,0,0,0,251,0,127,0,0,0,0,186,0,0,0,0,0,233,0,0,0,0,0,0,251,0,0,0,0,0,0,0,0,0,0,0,0,0,0,0,0,0,212,0,0,0,0,0,234,0,0,0,0,0,0,0,0,0,0,0,0,0,0,0,139,0,130,0,0,0,0,0,0,0,251,0,0,0,188,0,0,0,0,0,0,0,0,150,0,251,0,0,0,0,0,0,0,0,0,0,0,0,0,145,0,0,0,0,0,0,0,181,0,0,183,0},
{0,0,0,213,0,0,0,0,0,0,0,0,0,240,0,253,167,253,0,0,249,0,0,0,0,0,0,0,0,0,0,0,0,0,0,251,0,0,0,216,0,0,0,0,0,0,0,0,0,0,0,0,0,0,0,0,0,0,0,253,0,0,0,0,0,0,0,251,212,0,0,185,0,141,0,0,0,0,250,0,0,181,251,0,251,0,169,182,0,0,0,0,0,0,0,0,0,0,240,0,0,0,251,0,0,253,128,213,0,0,0,0,0,0,0,0,0,0,0,0},
{0,0,0,0,0,256,0,0,0,0,0,0,0,0,0,253,0,0,0,0,0,0,0,0,0,0,0,0,0,0,0,0,0,0,0,251,0,0,0,0,114,0,0,0,0,0,0,0,0,0,0,0,0,0,0,0,0,0,0,253,0,0,0,0,0,0,0,0,0,251,0,0,0,0,0,0,0,0,0,0,0,0,251,0,0,0,0,0,0,0,0,0,0,0,0,0,0,0,221,0,0,0,0,0,0,0,0,0,0,0,243,0,0,0,0,0,0,0,0,0},
{0,0,0,0,0,0,0,0,236,0,239,0,0,127,0,253,128,134,0,0,0,191,0,0,0,0,0,0,193,0,0,0,0,0,0,0,0,0,0,0,0,0,0,227,0,0,0,0,0,0,250,0,0,0,0,0,0,0,0,253,0,0,0,0,0,137,0,139,0,219,0,0,0,0,0,0,0,0,251,0,0,0,239,0,0,0,0,0,0,0,0,0,0,0,0,0,0,0,0,0,0,0,0,0,0,0,0,0,0,0,252,0,0,0,218,0,0,0,0,0},
{0,0,0,250,0,0,0,0,0,0,214,250,0,0,0,252,250,250,0,0,0,220,0,0,0,0,0,0,0,0,0,0,0,0,0,250,0,0,0,252,203,0,0,0,0,0,0,0,0,0,0,0,211,0,250,0,0,0,0,170,252,0,0,0,0,0,0,194,183,0,250,250,0,0,0,0,0,250,0,0,0,0,250,0,250,0,0,0,0,0,0,0,0,0,0,0,250,0,155,165,0,0,131,0,0,133,0,250,0,0,250,0,0,250,0,252,0,0,252,0},
{1,0,0,0,0,0,0,0,0,0,0,0,0,0,0,253,251,0,0,0,0,0,0,0,0,0,0,0,0,0,0,0,0,0,0,0,0,0,0,254,0,0,202,0,0,0,0,0,0,0,0,0,251,0,111,0,140,0,0,0,0,0,0,0,0,0,157,97,0,0,0,0,0,0,0,0,0,251,251,0,250,0,0,0,0,0,0,0,0,0,0,0,0,0,0,0,0,0,0,0,0,0,0,0,0,148,0,235,0,0,128,0,0,0,0,253,0,0,99,0},
{0,0,0,0,0,0,0,0,0,0,0,0,0,0,0,253,0,0,0,0,0,0,0,0,0,0,0,0,0,0,0,0,0,0,0,0,0,0,0,0,0,0,0,0,0,0,0,0,0,0,0,0,224,0,0,0,0,0,0,236,0,0,0,0,0,0,0,252,0,136,0,0,0,0,0,0,0,0,163,0,0,0,253,0,0,0,0,0,0,0,0,0,0,0,0,0,0,0,0,0,0,0,188,0,0,253,0,0,0,0,0,0,0,0,0,0,0,174,0,0},
{1,0,0,0,0,0,0,0,0,0,0,0,0,0,0,0,0,0,0,0,0,0,0,213,0,0,0,0,128,0,0,0,128,0,0,0,0,0,0,199,0,0,0,0,0,0,112,0,0,0,0,0,0,0,253,0,0,0,0,0,0,0,0,0,0,0,0,0,0,0,0,0,0,0,0,0,0,132,0,0,251,0,0,0,0,154,248,0,0,0,0,0,0,251,0,0,0,0,0,0,0,0,0,0,0,0,0,191,0,0,0,0,0,0,0,253,0,0,0,0},
{1,239,0,163,0,0,0,0,0,0,0,0,244,252,127,253,0,221,0,0,0,0,0,0,0,0,248,0,0,0,0,0,0,0,0,0,0,0,0,0,0,0,0,0,0,0,0,0,0,0,0,0,0,0,0,0,0,0,0,161,0,0,0,0,0,0,0,207,0,0,0,0,252,0,0,0,0,0,0,0,0,0,0,0,0,186,0,0,0,0,0,0,0,0,0,0,0,0,0,0,0,0,0,0,0,207,0,0,0,0,0,0,0,0,250,0,0,0,0,0},
{1,0,0,0,0,0,0,0,155,0,0,0,0,0,0,230,0,0,0,0,0,0,0,0,0,0,0,0,0,0,0,0,0,0,0,0,0,0,0,142,0,0,0,0,0,0,0,0,0,0,0,0,0,0,0,0,0,0,0,252,0,0,0,0,0,0,0,215,0,129,0,0,0,0,0,0,0,0,0,0,253,0,250,0,0,152,224,0,207,0,0,0,0,0,0,0,0,0,0,0,0,0,0,0,0,253,0,0,0,0,0,0,0,0,0,0,0,0,250,0},
{0,0,0,0,0,0,0,0,0,0,248,0,0,0,0,0,224,0,0,0,0,0,0,251,0,165,0,0,0,0,0,0,0,0,0,207,0,0,0,0,0,0,0,0,153,0,0,0,0,185,201,0,0,0,0,0,242,0,0,229,0,0,244,0,0,0,0,0,0,0,0,0,0,251,0,0,0,0,99,0,0,0,0,0,0,0,230,0,0,0,0,0,0,0,0,0,0,0,0,0,0,0,0,0,0,0,0,0,0,0,0,0,0,0,234,253,0,250,0,0},
{1,0,0,0,0,0,0,0,0,0,0,0,0,0,0,199,0,0,0,0,0,0,0,0,0,0,0,0,0,0,0,0,0,0,0,0,0,0,0,220,251,0,0,0,0,0,0,0,0,0,191,0,212,0,0,0,135,0,0,0,132,0,0,0,0,0,0,0,0,0,0,0,0,0,0,0,0,251,0,0,256,0,0,0,0,0,0,0,0,0,0,0,0,0,0,0,0,0,0,0,0,0,0,0,0,0,0,0,0,0,0,0,0,0,0,253,0,0,0,0},
{1,141,0,229,0,0,220,0,251,0,0,0,0,0,0,237,132,0,0,0,0,0,0,160,0,0,0,0,0,0,0,0,0,0,0,0,0,0,0,0,178,0,0,0,0,0,0,0,0,0,253,0,195,0,0,0,0,0,0,232,0,0,0,0,0,0,0,0,0,0,0,0,0,199,0,0,0,0,0,0,0,0,168,0,0,0,0,0,0,0,0,169,0,0,0,0,0,0,0,0,0,0,0,0,0,0,0,0,0,0,0,0,0,0,0,184,0,0,0,0},
{0,0,0,0,0,0,0,0,0,0,186,0,0,234,0,224,0,167,0,0,0,0,0,0,0,0,0,0,0,0,0,0,0,0,0,0,0,0,0,0,0,0,239,251,0,0,0,0,0,0,0,0,0,0,0,0,239,0,0,254,0,0,0,0,0,0,0,0,226,251,0,0,0,253,0,0,0,0,140,0,0,0,135,0,0,0,0,251,0,0,0,0,0,0,234,0,0,0,0,0,0,0,206,0,0,138,0,0,0,0,166,0,0,0,0,0,0,0,0,0}};
int SumPlus[FeaNo];
int SumMinus[FeaNo];
float SumLexNegative = 0;
float SumLexPositive = 0;
float ThresholdLex = 0;
byte PredictedClass[RowNo];
float Lexicon[FeaNo];
float SuP = 0;
float SuN = 0;
float Score[RowNo];
byte PlusCount = 0;
byte MinusCount = 0;
byte ConfusionMatrix[2][2];





void setup()
{

  pinMode(13, OUTPUT);
  Serial.begin(9600); // send and receive at 9600 baud

}

void loop()
{

  for (byte i = 0; i < RowNo; i++)
  {
    // The dictionary will be created on the training data, and thus, the test records should be excluded
    if (i < testindex)
    {
      if (pgm_read_byte(&dataset[i][0]) == 1) PlusCount++;
      if (pgm_read_byte(&dataset[i][0]) == 0) MinusCount++;
      for (byte j = 1; j < FeaNo; j++)
      {

        if (pgm_read_byte(&dataset[i][0]) == 1)
        {
          SumPlus[j] += pgm_read_byte(&dataset[i][j]);
        }

        if (pgm_read_byte(&dataset[i][0]) == 0)
        {
          SumMinus[j] += pgm_read_byte(&dataset[i][j]);
        }
      }
    }
  }
  for (byte j = 1; j < FeaNo; j++)
  {

    SuP = SumPlus[j];
    SuP /= PlusCount;
    SuN = SumMinus[j];
    SuN /= MinusCount;
    if (SuP + SuN == 0) Lexicon[j] = 0;
    else
      Lexicon[j] = (SuP - SuN) / (SuP + SuN);
  }

  for (byte ii = 0; ii < RowNo; ii++)
  {
    for (byte j = 1; j < FeaNo; j++)
    {
      Score[ii] += Lexicon[j] * pgm_read_byte(&dataset[ii][j]);

    }
    if (ii < testindex)
    {
      if (pgm_read_byte(&dataset[ii][0]) == 0) SumLexNegative += Score[ii];
      else SumLexPositive += Score[ii];


    }

  }
  ThresholdLex = (MinusCount * (SumLexPositive / PlusCount) + PlusCount * (SumLexNegative / MinusCount)) / (MinusCount + PlusCount);



  
 
  for (byte ii = 0; ii < RowNo; ii++)
  {
    if (Score[ii] >= ThresholdLex) PredictedClass[ii] = 1; else PredictedClass[ii] = 0;
    if (ii >= testindex)
      ConfusionMatrix[pgm_read_byte(&dataset[ii][0])][PredictedClass[ii]]++;
    float correct_predictions = 0;
    for (byte i1 = 0; i1 < 2; i1++)
      correct_predictions += ConfusionMatrix[i1][i1];
    accuracy = correct_predictions / (RowNo - testindex);
  }
   
  digitalWrite(13, HIGH);


  delay(1000); // Wait for 1000 millisecond(s)
  digitalWrite(13, LOW);
  delay(1000); // Wait for 1000 millisecond(s)
  Serial.println(accuracy);
  Serial.println(StartTime);
}
